0000000001103812429000171000000000000POLYSUTURE INDUSTRIA E COMERCIO LTDA                                                                                                                  000030026300021613105202102062021020620210857
0003130443310520210456012719390986
0003130453310520210456020656208184
0003130463310520210509012841741097
0003130473310520210550012978973775
0003130483310520210551016087851667
0003130493310520210625020758003263
0003130503310520210636021042736385
0003130513310520210637021042730131
0003130523310520210639015610520278
0003130533310520210641013091445983
0003130543310520210649012996183985
0003130553310520210654012594637108
0003130563310520210655020950767179
0003130573310520210655020950824504
0003130583310520210656010874013612
0003130593310520210656012837473989
0003130603310520210657013258169984
0003130613310520210658012535906246
0003130623310520210658016408839194
0003130633310520210658021276099349
0003130643310520210658020334485171
0003130653310520210659020760770411
0003130663310520210659021281767249
0003130673310520210659020488912037
0003130683310520210700021289022986
0003130693310520210700012597757988
0003130703310520210700020950848101
0003130713310520210700020334490426
0003130723310520210701020950769589
0003130733310520210703020950739582
0003130743310520210703013003550984
0003130753310520210704012909394982
0003130763310520210706020070929216
0003130773310520210710013000984983
0003130783310520210712021042729516
0003130793310520210719020632541959
0003130803310520210729020950747046
0003130813310520210729020656234754
0003130823310520210730012536159088
0003130833310520210734012663799183
0003130843310520210755013194906770
0003130853310520210846013162797984
0003130863310520210854020178985745
0003130873310520210903020950839854
0003130883310520211037012978973775
0003130893310520211042012719390986
0003130903310520211050020656208184
0003130913310520211058012841741097
0003130923310520211131021042736385
0003130933310520211135012535906246
0003130943310520211135013258169984
0003130953310520211143020632541959
0003130963310520211144020334485171
0003130973310520211144012837473989
0003130983310520211144012719390986
0003130993310520211150020070929216
0003131003310520211150020656208184
0003131013310520211151016087851667
0003131023310520211155020950747046
0003131033310520211158012594637108
0003131043310520211203020760770411
0003131053310520211204012909394982
0003131063310520211206020950848101
0003131073310520211206012841741097
0003131083310520211209020950739582
0003131093310520211215015610520278
0003131103310520211217016408839194
0003131113310520211219021276099349
0003131123310520211219021281767249
0003131133310520211220020950839854
0003131143310520211223013000984983
0003131153310520211223021042729516
0003131163310520211225012996183985
0003131173310520211225020950769589
0003131183310520211225020488912037
0003131193310520211225021042730131
0003131203310520211228020758003263
0003131213310520211232021042736385
0003131223310520211234013091445983
0003131233310520211234020950824504
0003131243310520211235012535906246
0003131253310520211235013258169984
0003131263310520211236013003550984
0003131273310520211237010874013612
0003131283310520211244012837473989
0003131293310520211244020950767179
0003131303310520211245012536159088
0003131313310520211245020334485171
0003131323310520211249020632541959
0003131333310520211251016087851667
0003131343310520211255012663799183
0003131353310520211255020950747046
0003131363310520211256021289022986
0003131373310520211258012594637108
0003131383310520211259012597757988
0003131393310520211300020334490426
0003131403310520211301020070929216
0003131413310520211303020760770411
0003131423310520211306012909394982
0003131433310520211306020950848101
0003131443310520211309020656234754
0003131453310520211315015610520278
0003131463310520211318020950739582
0003131473310520211319021281767249
0003131483310520211319016408839194
0003131493310520211319021276099349
0003131503310520211322020950839854
0003131513310520211324013000984983
0003131523310520211324021042729516
0003131533310520211325020950769589
0003131543310520211325012996183985
0003131553310520211325020488912037
0003131563310520211325021042730131
0003131573310520211325013194906770
0003131583310520211334020950824504
0003131593310520211334013091445983
0003131603310520211336013003550984
0003131613310520211337010874013612
0003131623310520211349020178985745
0003131633310520211359012597757988
0003131643310520211359012663799183
0003131653310520211404020950767179
0003131663310520211409020656234754
0003131673310520211416021289022986
0003131683310520211425013194906770
0003131693310520211446013162797984
0003131703310520211457020178985745
0003131713310520211505020656208184
0003131723310520211513012719390986
0003131733310520211546012841741097
0003131743310520211546013162797984
0003131753310520211600020950839854
0003131763310520211643016087851667
0003131773310520211652021042730131
0003131783310520211652015610520278
0003131793310520211654013091445983
0003131803310520211659021281767249
0003131813310520211703021042736385
0003131823310520211703020950767179
0003131833310520211708021289022986
0003131843310520211709020950824504
0003131853310520211710020334485171
0003131863310520211711012535906246
0003131873310520211712020950848101
0003131883310520211713010874013612
0003131893310520211713012837473989
0003131903310520211713012597757988
0003131913310520211713013003550984
0003131923310520211714013258169984
0003131933310520211714020760770411
0003131943310520211714016408839194
0003131953310520211715020950769589
0003131963310520211716012594637108
0003131973310520211716021276099349
0003131983310520211716020488912037
0003131993310520211718012996183985
0003132003310520211719012909394982
0003132013310520211721020758007900
0003132023310520211726020950739582
0003132033310520211726016536100779
0003132043310520211730020070929216
0003132053310520211730020632541959
0003132063310520211731020756749284
0003132073310520211734013000984983
0003132083310520211737021042729516
0003132093310520211745020950747046
0003132103310520211755012663799183
0003132113310520211805020656234754
0003132123310520211840013194906770
0003132133310520211903013162797984
0003132143310520212156020758007900
0003132153310520212217016536100779
0003132163310520212256020758007900
0003132173310520212318016536100779
0003132183010620210254020758007900
0003132193010620210300016536100779
0003132203010620210455012719390986
0003132213010620210555016087851667
0003132223010620210605017049841275
0003132233010620210629020758003263
0003132243010620210644013091445983
0003132253010620210645021042730131
0003132263010620210646021042729516
0003132273010620210646013000984983
0003132283010620210648015610520278
0003132293010620210648012996183985
0003132303010620210653012663799183
0003132313010620210654020488912037
0003132323010620210654020950769589
0003132333010620210655020950767179
0003132343010620210655012594637108
0003132353010620210656012535906246
0003132363010620210656013258169984
0003132373010620210656021042736385
0003132383010620210656020760770411
0003132393010620210656010874013612
0003132403010620210656012536119167
0003132413010620210657012536158278
0003132423010620210657012837473989
0003132433010620210658021276099349
0003132443010620210658020950848101
0003132453010620210659021281767249
0003132463010620210700021289022986
0003132473010620210700020334490426
0003132483010620210700012597757988
0003132493010620210700020950824504
0003132503010620210701012647152987
0003132513010620210702020656208184
0003132523010620210702020950747046
0003132533010620210702012841741097
0003132543010620210703013003550984
0003132553010620210704020334485171
0003132563010620210705012909394982
0003132573010620210713020070929216
0003132583010620210722020632541959
0003132593010620210726020656234754
0003132603010620210734020950739582
0003132613010620210748012536159088
0003132623010620210750013194906770
0003132633010620210848013162797984
0003132643010620210900020950839854
0003132653010620211047012719390986
0003132663010620211104017049841275
0003132673010620211122016087851667
0003132683010620211127020632541959
0003132693010620211128020334485171
0003132703010620211130021042736385
0003132713010620211132012647152987
0003132723010620211153012719390986
0003132733010620211159012837473989
0003132743010620211201020950848101
0003132753010620211201013258169984
0003132763010620211201012841741097
0003132773010620211202012594637108
0003132783010620211202020760770411
0003132793010620211204017049841275
0003132803010620211213020950747046
0003132813010620211216012535906246
0003132823010620211217021042729516
0003132833010620211218013000984983
0003132843010620211220020950839854
0003132853010620211221021281767249
0003132863010620211222016408839194
0003132873010620211222016087851667
0003132883010620211227020070929216
0003132893010620211227012996183985
0003132903010620211227020488912037
0003132913010620211227021042730131
0003132923010620211227020950769589
0003132933010620211229020632541959
0003132943010620211229015610520278
0003132953010620211232020950824504
0003132963010620211232013091445983
0003132973010620211232021042736385
0003132983010620211232020334485171
0003132993010620211233021276099349
0003133003010620211234012647152987
0003133013010620211238012909394982
0003133023010620211238010874013612
0003133033010620211238020758003263
0003133043010620211239020656208184
0003133053010620211239012536119167
0003133063010620211245020950739582
0003133073010620211245020950767179
0003133083010620211248013003550984
0003133093010620211253012663799183
0003133103010620211257012536158278
0003133113010620211258012597757988
0003133123010620211259012837473989
0003133133010620211300021289022986
0003133143010620211300020334490426
0003133153010620211301012841741097
0003133163010620211301013258169984
0003133173010620211301020950848101
0003133183010620211302012594637108
0003133193010620211302020760770411
0003133203010620211306012536159088
0003133213010620211313020950747046
0003133223010620211314020656234754
0003133233010620211315013194906770
0003133243010620211316012535906246
0003133253010620211320020950839854
0003133263010620211321021281767249
0003133273010620211327020950769589
0003133283010620211327020488912037
0003133293010620211327012996183985
0003133303010620211327021042730131
0003133313010620211327020070929216
0003133323010620211329013000984983
0003133333010620211329015610520278
0003133343010620211329021042729516
0003133353010620211330016408839194
0003133363010620211332013091445983
0003133373010620211332020950824504
0003133383010620211333021276099349
0003133393010620211338012909394982
0003133403010620211338010874013612
0003133413010620211339012536119167
0003133423010620211339020656208184
0003133433010620211345020950739582
0003133443010620211348013003550984
0003133453010620211401012536158278
0003133463010620211401012597757988
0003133473010620211403012663799183
0003133483010620211405020950767179
0003133493010620211414020656234754
0003133503010620211416013194906770
0003133513010620211447013162797984
0003133523010620211515012719390986
0003133533010620211547013162797984
0003133543010620211600020950839854
0003133553010620211619017049841275
0003133563010620211650016087851667
0003133573010620211658013091445983
0003133583010620211659021281767249
0003133593010620211701015610520278
0003133603010620211702021042730131
0003133613010620211703020950767179
0003133623010620211710020950769589
0003133633010620211710020950848101
0003133643010620211711012647152987
0003133653010620211712012597757988
0003133663010620211713010874013612
0003133673010620211713016408839194
0003133683010620211713012536119167
0003133693010620211713012536158278
0003133703010620211713012837473989
0003133713010620211713020488912037
0003133723010620211714012535906246
0003133733010620211714013258169984
0003133743010620211715020656208184
0003133753010620211715020950747046
0003133763010620211716020950824504
0003133773010620211716020760770411
0003133783010620211717021276099349
0003133793010620211721020758007900
0003133803010620211721012996183985
0003133813010620211721016536100779
0003133823010620211721012841741097
0003133833010620211722020334485171
0003133843010620211723012909394982
0003133853010620211724012663799183
0003133863010620211726020070929216
0003133873010620211727013000984983
0003133883010620211728020632541959
0003133893010620211729021042729516
0003133903010620211747012594637108
0003133913010620211747020950739582
0003133923010620211747013003550984
0003133933010620211749021042736385
0003133943010620211802020656234754
0003133953010620211830013194906770
0003133963010620211913013162797984
0003133973010620212151020758007900
0003133983010620212220016536100779
0003133993010620212251020758007900
0003134003010620212320016536100779
0003134013020620210254020758007900
0003134023020620210259016536100779
0003134033020620210455012719390986
0003134043020620210456020656208184
0003134053020620210549016087851667
0003134063020620210602012996183985
0003134073020620210605020950769589
0003134083020620210605017049841275
0003134093020620210628020758003263
0003134103020620210641013091445983
0003134113020620210647012663799183
0003134123020620210648020950747046
0003134133020620210649021042730131
0003134143020620210650015610520278
0003134153020620210653012594637108
0003134163020620210654020334485171
0003134173020620210654020488912037
0003134183020620210655020760770411
0003134193020620210655020950767179
0003134203020620210656020950824504
0003134213020620210656010874013612
0003134223020620210656012535906246
0003134233020620210656013258169984
0003134243020620210656021276099349
0003134253020620210656012536119167
0003134263020620210656012837473989
0003134273020620210657012536158278
0003134283020620210657021281767249
0003134293020620210659020950739582
0003134303020620210659013003550984
0003134313020620210700021289022986
0003134323020620210700020334490426
0003134333020620210701012597757988
0003134343020620210701020950848101
0003134353020620210701012647152987
0003134363020620210701016408839194
0003134373020620210703012909394982
0003134383020620210704021042736385
0003134393020620210706020632541959
0003134403020620210713020070929216
0003134413020620210717013000984983
0003134423020620210717012536159088
0003134433020620210717021042729516
0003134443020620210718020656234754
0003134453020620210726020756749284
0003134463020620210739013194906770
0003134473020620210844013162797984
9999999990000000000000004040000000000000000009
